28705475 101
1835513 100
 263535 99
 911521 98
 277056 97
 135790 96
  96286 95
  88740 94
  84036 93
  82050 92
  81275 91
  75812 90
  72474 89
  69372 88
  66216 87
  63885 86
  61214 85
  58111 84
  56010 83
  53646 82
  51310 81
  49968 80
  48423 79
  47229 78
  48808 77
  44039 76
  43420 75
  42318 74
  42252 73
  42045 72
  41055 71
  38891 70
  37413 69
  36434 68
  36171 67
  34941 66
  34398 65
  34106 64
  33628 63
  32924 62
  32347 61
  30744 60
  30293 59
  28743 58
  27583 57
  27170 56
  26232 55
  25773 54
  25671 53
  24691 52
  24894 51
  24454 50
  24798 49
  24721 48
  24594 47
  24356 46
  24944 45
  25367 44
  26203 43
  28722 42
  30485 41
  33993 40
  35966 39
  43642 38
  48230 37
  53115 36
  55636 35
