3567831 101
 208177 100
  27113 99
 111287 98
  31666 97
  14530 96
  10054 95
   8958 94
   8739 93
   8563 92
   8258 91
   7991 90
   7708 89
   7424 88
   7039 87
   6902 86
   6710 85
   6435 84
   6319 83
   5954 82
   5837 81
   5701 80
   5459 79
   5365 78
   5650 77
   5237 76
   5083 75
   4988 74
   4908 73
   4703 72
   4668 71
   4479 70
   4217 69
   4372 68
   4218 67
   3905 66
   3914 65
   3737 64
   3802 63
   3651 62
   3513 61
   3360 60
   3311 59
   3200 58
   2995 57
   2874 56
   2763 55
   2699 54
   2755 53
   2621 52
   2597 51
   2542 50
   2585 49
   2509 48
   2449 47
   2349 46
   2499 45
   2411 44
   2514 43
   2682 42
   2855 41
   3226 40
   3180 39
   4062 38
   4888 37
   5565 36
   6096 35
