3821394 101
 109957 100
  12535 99
  83254 98
  25171 97
  12237 96
   8601 95
   8000 94
   7797 93
   7518 92
   7277 91
   6996 90
   6737 89
   6372 88
   6076 87
   6013 86
   5711 85
   5518 84
   5148 83
   4980 82
   4786 81
   4624 80
   4456 79
   4277 78
   4235 77
   3982 76
   3587 75
   3626 74
   3474 73
   3025 72
   2961 71
   2761 70
   2645 69
   2597 68
   2391 67
   2211 66
   2113 65
   2001 64
   1885 63
   1856 62
   1665 61
   1631 60
   1504 59
   1415 58
   1324 57
   1260 56
   1206 55
   1129 54
   1081 53
   1091 52
   1045 51
    970 50
    945 49
    875 48
    798 47
    801 46
    737 45
    742 44
    732 43
    720 42
    708 41
    705 40
    605 39
    568 38
    561 37
    555 36
    494 35
