31253211 101
 911613 100
 107180 99
 704264 98
 220255 97
 112002 96
  80026 95
  74807 94
  71002 93
  68999 92
  68530 91
  62848 90
  59507 89
  57039 88
  54085 87
  51864 86
  48928 85
  46019 84
  43468 83
  41136 82
  39381 81
  37255 80
  35955 79
  33462 78
  32309 77
  29632 76
  27909 75
  26592 74
  25669 73
  23496 72
  21533 71
  20068 70
  18602 69
  17584 68
  16268 67
  15103 66
  14144 65
  13715 64
  12842 63
  12236 62
  11498 61
  10823 60
  10202 59
   9585 58
   9019 57
   8765 56
   8259 55
   7826 54
   7581 53
   7258 52
   6927 51
   6744 50
   6503 49
   6162 48
   5763 47
   5706 46
   5336 45
   5227 44
   5282 43
   5091 42
   5091 41
   4935 40
   4570 39
   4316 38
   4353 37
   3986 36
   3811 35
